fixindx    X     Y     SacDur  FixDur  FixStart
    0      929   322      0       51        0
    1      819   349      0       17       51
    2      133   106      5       20       73
    3       43    89      0       41       93
    4     1197   299     13       35      147
    5     1177   357      0      101      182
    6      701   356      3       25      286
    7      591   355      0       16      311
    8      707   335      0      102      327
    9      847   747      3      104      432
   10     1258   358     16       30      552
   11      885   693      3       17      585
   12      140   169      6       19      608
   13       66   192      0       25      627
   14     1191   349      7      124      659
   15      355   467      6       19      789
   16      263   495      0       99      808
   17       73   137      4       14      911
   18      102   212      0       12      925
   19      893   770     14      119      951
   20      978   638      0      119     1070
   21     1329   373      3      120     1192
   22      850   369      4       17     1316
   23      727   381      0       26     1333
   24      725   353      2       85     1361
   25      189   144      4       51     1450
   26      846   795     10      101     1511
   27      725   380     20      107     1632
   28      930   461      2       99     1741
   29      485   359      3       15     1843
   30      375   375      0      106     1858
   31      857   781      7      150     1971
   32     1209   454     11      115     2132
   33     1175   380      0       97     2247
   34      994   572      1       23     2345
   35      953   634      0      112     2368
   36      762   497      1      113     2481
   37      783   763      3       62     2597
   38      842   774      0       31     2659
   39      259   213      5       34     2695
   40      283   103      0       31     2729
   41      649   389      5       26     2765
   42      720   339      0       90     2791
   43      916   465     13      101     2894
   44      144   492      6       30     3001
   45      126   472      6       12     3037
   46      135   484      2       42     3051
   47      177   491      0        7     3093
   48      510   355      2       25     3102
   49      708   339      0       96     3127
   50      444   131      2       32     3225
   51      363   175      0       28     3257
   52      816   749      7       75     3292
   53      870   783     13       97     3380
   54      256   531      5       29     3482
   55      300   499      0       61     3511
   56      420   356      0       89     3572
   57      897   581      3       39     3664
   58      986   619      0       98     3703
   59      444   514      5      101     3806
   60      276   499      0      122     3907
   61      433   121      4       38     4033
   62      383   204      0       23     4071
   63      848   719     12       40     4106
   64      813   785      0       15     4146
   65      882   769      0       93     4161
   66      865   366      3      134     4257
   67     1370   357      5      115     4396
   68     1035   341     11       99     4522
   69      471   141      5       40     4626
   70      594   115      0       17     4666
   71      882   783      8       56     4691
   72      857   775     13       88     4760
   73      796   335      3       26     4851
   74      710   355      0       59     4877
   75      468   220      1       42     4937
   76      510   156      0       14     4979
   77      712   329      1      120     4994
   78     1321   366      6       67     5120
   79     1206   353      0       30     5187
   80     1353   372      0      100     5217
   81      848   757     16      104     5333
   82      841   331      3       20     5440
   83      731   345      0       25     5460
   84      716   331     13       91     5498
   85      923   468      2       98     5591
   86      414   343      3      119     5692
   87      542    94      2       28     5813
   88      562   168      0       31     5841
   89      825   778      8       43     5880
   90      879   769     13       93     5936
   91      817   412      3       22     6032
   92      729   385      0       89     6054
   93     1247   355      4       10     6147
   94     1247   381      2       10     6159
   95     1348   363      0       92     6169
   96      425   408     11       17     6272
   97      401   367      2       27     6291
   98      236   341      0       93     6318
   99      368   338     18       45     6429
  100      412   368      5       18     6479
  101      409   374      2       96     6499
  102      551   333      0      112     6595
  103      591   211      0       13     6707
  104      132   221      4       17     6724
  105       44   229      0       21     6741
  106      213   156      0       33     6762
  107      318   207      0       43     6795
  108      435   215      0       27     6838
  109      407    95     18       13     6883
  110      290    61      0       49     6896
  111     1644   441     11       23     6956
  112     1629   521      0      164     6979
  113     1051   562      3       26     7146
  114      932   597      0       51     7172
  115      620   210      3       19     7226
  116      926   561      3       30     7248
  117      828   344      1       28     7279
  118      978   376      0       66     7307
  119      946   677      2      129     7375
  120      946   402      1       50     7505
  121      877   341      5       25     7560
  122      167   224      5       18     7590
  123       31   153      1       17     7609
  124      106   -24      2       18     7628
  125     1669   385     13       71     7659
  126     1667   464      0       17     7730
  127     1700   422      8       26     7755
  128     1645   453     10       23     7791
  129     1628   509      0      137     7814
  130      975   519      5       49     7956
  131      963   442      0      111     8005
  132      132   -60      6       24     8122
  133       43  -144      0       14     8146
  134     1764   359     14       23     8174
  135     1662   390      0       40     8197
  136     1526   569      0        6     8237
  137     1735   346      0       14     8243
  138     1713   387      0      142     8257
  139     1192   362     19       10     8418
  140     1298   457      0       13     8428
  141     1475   339      7        9     8448
  142     1470   474      0        6     8457
  143     1389   463      0       10     8463
  144     1461   351      0       14     8473
  145     1453   298      0        8     8487
  146     1484   354      0       74     8495
  147      885   362      7       12     8576
  148      676   341      1       18     8589
  149      529   342      0       33     8607
  150       71    23      5       36     8645
  151      114    60      4        6     8685
  152     1385   490     12       97     8703
  153      400   357     12       61     8812
  154      403   345      2       95     8875
  155       34   246      3       21     8973
  156      103   494      1      103     8995
  157      290   468      0      104     9098
  158      277   476     14      104     9216
  159      303   350      0       23     9320
  160      403   365      0       34     9343
  161      405   355      8       89     9385
  162      110   226      2       25     9476
  163      157    22      2       14     9503
  164      850   713     12       43     9529
  165      881   780      0       96     9572
  166     1391   368     13       25     9681
  167     1435   394      0       23     9706
  168     1400   301      0       10     9729
  169     1356   319      8       10     9747
  170     1468   346      0       18     9757
  171     1497   388      2       50     9777
  172     1462   390     10      117     9837
  173     1414   493      0       35     9954
  174     1478   368      0      104     9989
  175      899   350      4       16    10097
  176      726   330      0       22    10113
  177      558   320      0       40    10135
  178       94   231      3       26    10178
  179      145   -43      1       18    10205
  180      545   316     16       99    10239
  181     1160   339      5       21    10343
  182     1233   344      0       20    10364
  183     1348   346      0       90    10384
  184      835   636      5       26    10479
  185      654   634      0       99    10505
  186     1176   344     10       39    10614
  187     1197   373      0      119    10653
  188      442   494      6       26    10778
  189      316   472      1       17    10805
  190      413   433      0       25    10822
  191      434   444     13      102    10860
  192      391   350      0       19    10962
  193      453   582      2        6    10983
  194      378   342      0       20    10989
  195      379   349      2       10    11011
  196      379   340      6       17    11027
  197      379   338     14       15    11058
  198      437   559      0        6    11073
  199      403   333      0       60    11079
  200      415   362      0       24    11139
  201      416   356      4       14    11167
  202      399   354      6        8    11187
  203      425   375      2       10    11197
  204      378   358     22        8    11229
  205      402   358      4       20    11241
  206      399   366      2       24    11263
  207      392   345     13       59    11300
  208      407   336      2      100    11361
  209      212   209      0       31    11461
  210      302    28      1       25    11493
  211      863   731     26      106    11544
  212      885   348      3       95    11653
  213     1338   356     14      102    11762
  214     1023   344      2       94    11866
  215      497   332      3       43    11963
  216      364   121      1       29    12007
  217      301    85      0       17    12036
  218      537   341     13      121    12066
  219      306   183      2       26    12189
  220      884   753     13       98    12228
  221      288   505      6       97    12332
  222      404   378     13       71    12442
  223      388   383      6       16    12519
  224      419   397      0        8    12535
  225      334   629      0      106    12543
  226      883   776     12       98    12661
  227      421   148      5       16    12764
  228      353   190      0       27    12780
  229      169   473      2       26    12809
  230      115   503      0      102    12835
  231      903   628      6       18    12943
  232      970   609     11       95    12972
  233      572   522      2       18    13069
  234      466   498      0      102    13087
  235      433   125      3       31    13192
  236      806   811     10       31    13233
  237      860   774      0      106    13264
  238      351   495     10       66    13380
  239      442   488      0       97    13446
  240      129   516      2       91    13545
  241      597   329      4       22    13640
  242      714   354      0       97    13662
  243      409   351      1      101    13760
  244      810   797     10       38    13871
  245      871   790      0       93    13909
  246     1333   376     12      128    14014
  247      761   479      4       54    14146
  248      604   491      0       99    14200
  249      845   771      2      155    14301
  250      813   628     10      105    14466
  251     1188   363     15       97    14586
  252      863   354      2       14    14685
  253      700   362      0       18    14699
  254      553   343      0       22    14717
  255      500   338      0       73    14739
  256      549   344     12        9    14824
  257      548   333      2       91    14835
  258      724   341      0      100    14926
  259      933   498      2      155    15028
  260      510   229      5       25    15188
  261      109   211      6       14    15219
  262      136   255      6       16    15239
  263      266   251      2       22    15257
  264      354   220      0       30    15279
  265      524   190      0       21    15309
  266     1607   466     12       35    15342
  267     1638   531      0      105    15377
  268      984   603      4       27    15486
  269      955   649      0       61    15513
  270      931   357      3       27    15577
  271      807   310      0       55    15604
  272      200   135      6       14    15665
  273      -23   -47      4       20    15683
  274     1403   294     17       23    15720
  275     1316   343      0       18    15743
  276     1194   346      0       97    15761
  277      558   365      4       18    15862
  278      541   478      0       20    15880
  279      603   481      0       95    15900
  280      882   762     15      101    16010
  281      401   338     13       59    16124
  282      267   374      0       26    16183
  283      230   326      2       20    16211
  284      234   346      2       68    16233
  285      213   344     11       40    16312
  286       89   256      0       24    16352
  287      266   342      2       17    16378
  288      419   369      6      110    16401
  289      124   248      2       24    16513
  290      189   169      0       14    16537
  291      871   855     22       28    16573
  292      862   767      0       99    16601
  293      517   567      2       19    16702
  294      453   484      0      126    16721
  295     1233   357      7       18    16854
  296     1339   378      0       93    16872
  297      880   789     13       92    16978
  298     1041   655      2       17    17072
  299      982   625      0       90    17089
  300     1223   344     11       18    17190
  301     1322   349      0       94    17208
  302      894   331      2       27    17304
  303      712   321      0      104    17331
  304      849   777     15       93    17450
  305      268   211      5       22    17548
  306      287    64      5       59    17575
  307      290   495      6       92    17640
  308      934   311     13       22    17745
  309     1023   345      0       91    17767
  310      521   610      3       95    17861
  311      483   627     14      105    17970
  312      492   640     13       94    18088
  313      435   494      0       32    18182
  314      410   369      0       21    18214
  315      308   180      3       19    18238
  316      311    64      0       24    18257
  317      380   310      2       22    18283
  318      397   290      2        6    18307
  319      216   160     10        8    18323
  320      236   192      0       20    18331
  321      331   302      0       18    18351
  322      368   347      4       52    18373
  323      405   317      2       53    18427
  324      415   330     15       20    18495
  325      361   321      2        6    18517
  326      440   314      0       34    18523
  327      403   322      2       48    18559
  328      392   323      2       49    18609
  329      411   345     21       40    18679
  330      459   319      2        6    18721
  331      370   323      2       12    18729
  332      397   302      8       16    18749
  333      368   335      9       21    18774
  334      433   367      4        6    18799
  335      372   343     10       16    18815
  336      419   323      0        8    18831
  337      387   355     10       26    18849
  338      453   360      9       17    18884
  339      411   340      4       32    18905
  340      397   353      2       18    18939
  341      356   281     18       10    18975
  342      423   343      0        6    18985
  343      346   286      0        8    18991
  344      238   165      2       14    19001
  345      388   348     22       92    19037
  346      396   351      2       37    19131
  347      270   262      0       13    19168
  348      309   162     12       21    19193
  349      388   358      3        8    19217
  350      375   341      2       10    19227
  351      386   341      2       16    19239
  352      404   369      2       10    19257
  353      383   338      2        6    19269
  354      383   364     16       92    19291
  355      284   247      2       36    19385
  356      440   475      1      105    19422
  357      274   257      3       21    19530
  358      823   749     15      104    19566
  359      352   384      4       19    19674
  360      230   394      0       67    19693
  361      352   -10      3       36    19763
  362      383   355      2       93    19801
  363      420   139      2       25    19896
  364      831   792     14       93    19935
  365      645   390     10       21    20038
  366      563   376      0       95    20059
  367     1042   341     10       90    20164
  368      824   626      3       44    20257
  369      977   641      0      116    20301
  370      870   794     15      101    20432
  371      486   224      5       25    20538
  372      443   168      4       23    20567
  373      634   366      4       27    20594
  374      726   359      0       90    20621
  375      929   479     19       91    20730
  376      408   368      5       95    20826
  377      899   758     11       93    20932
  378      640   492      3       38    21028
  379      560   371      0       94    21066
  380     1131   353      5       26    21165
  381     1198   370      0       87    21191
  382      383   530      7       17    21285
  383      297   505     10       96    21312
  384     1252   516     10       99    21418
  385      860   785      5       92    21522
  386      508   217      5       28    21619
  387      514   117      0       20    21647
  388      617    92      0       19    21667
  389     1241   377      7       15    21693
  390     1334   396      0       91    21708
  391      708   527      4       19    21803
  392      593   484      8      104    21830
  393      833   762      7       44    21941
  394      883   790      0       66    21985
  395      482   477      7       21    22058
  396      601   478      0       89    22079
  397      158   503      4       98    22172
  398     1017   344     12       66    22282
  399     1165   394      1       85    22349
  400      624   236      4       82    22438
  401      623   149      0       44    22520
  402     1087   391      6       16    22570
  403     1291   480      4       12    22590
  404     1399   512      0       92    22602
  405     1073   381      2       12    22696
  406      992   368     12      103    22720
  407     1717   377      6      124    22829
  408     1045   364      5       73    22958
  409      927   344      0       32    23031
  410      610   204      3       32    23066
  411      879   324      4       19    23102
  412     1014   356      0      114    23121
  413      733   356      1       28    23236
  414      632   351      0       28    23264
  415      640   189      0       32    23292
  416      648   106      0       38    23324
  417      505   365      3       40    23365
  418      551   335      9       21    23414
  419      529   548      0        6    23435
  420      533   359      0        6    23441
  421      532   355      4       52    23451
  422      532   360      4       14    23507
  423      530   353      2        8    23523
  424      534   369      2       28    23533
  425      534   547      4        8    23565
  426      562   353      0       92    23573
  427      392   372      2       52    23667
  428      382   379      6        8    23725
  429      388   370      4       18    23737
  430      388   375      2       36    23757
  431      392   376      2       74    23795
  432      393   372      4       16    23873
  433      640   193      8       34    23897
  434      649   224      6        9    23937
  435      144   241      4       19    23950
  436       65   202      0        6    23969
