fixindx    X     Y     SacDur  FixDur  FixStart
    0     1179   372      0        6        0
    1      533   334      2       16        8
    2      369   350      0       18       24
    3      689   295      2       13       44
    4       95    92      2       23       59
    5      223    98      0        8       82
    6      723   665      3       17       93
    7      924   439      6       13      116
    8     1179   362      1       19      130
    9      201   267      3        6      152
   10       55   240      0       13      158
   11      282   500      1       41      172
   12      745   676      2       14      215
   13      946   628      1       35      230
   14     1282   362      2       30      267
   15      916   338      2        9      299
   16      724   353      0       19      308
   17       81   218      2       16      329
   18      145    67      0       12      345
   19      714   601      4       16      361
   20      820   353      1       28      378
   21      888   486      0       19      406
   22      428   364      2       17      427
   23      171   183      1       18      445
   24      194   101      0       16      463
   25      884   531     12        9      491
   26     1160   479      1       34      501
   27      939   583      1       46      536
   28      222   218      2       20      584
   29     1697   365      6       17      610
   30      304   181      5       12      632
   31      201   209      0        8      644
   32      885   515      3       11      655
   33      764   482      9       28      675
   34      233   170      2       15      705
   35      298   107      0       10      720
   36      717   353      2       32      732
   37      780   400      5       18      769
   38       99   467      2       26      789
   39      659   331      2       18      817
   40      329   151      2       21      837
   41      717   610      4       14      862
   42      380   455      7       18      883
   43      395   382      0       18      901
   44      769   530      2       23      921
   45      648   494      0       19      944
   46      564   472      0        7      963
   47      412   488      0       18      970
   48      320   480      0       11      988
   49      392   199      1       21     1000
   50      461   122      0       22     1021
   51      856   380      2       15     1045
   52     1018   352      1       16     1061
   53     1214   355      0       14     1077
   54     1039   365      0       18     1091
   55      463   166      3       21     1112
   56      834   600      3       19     1136
   57      883   379      1       15     1156
   58      749   381      0       19     1171
   59     1289   377      2       18     1192
   60      906   637      4       20     1214
   61      853   448      1       22     1235
   62      744   379      0       23     1257
   63      425   364      1       18     1281
   64      535   191      0       33     1299
   65      700   538      2       16     1334
   66      753   360      0       25     1350
   67     1301   381      2       32     1377
   68      470   359      4       16     1413
   69      372   365      0       33     1429
   70      539   317      1       20     1463
   71      611   247      0       19     1483
   72     1692   376      5       16     1507
   73      531   339      7       21     1530
   74      600   221      1       31     1552
   75       68   180      1        9     1584
   76     1496   474      6        9     1599
   77     1614   504      0       28     1608
   78     1059   397      2       11     1638
   79      947   671      1       26     1650
   80       95    41      3        8     1679
   81       -5    75      0       17     1687
   82      355   404      2       12     1706
   83      277   370      0       15     1718
   84      200   444      0       19     1733
   85      473   371      1       16     1753
   86      675   366      1       15     1770
   87      587   566      0       24     1785
   88      897   503      1       33     1810
   89      -55   147      3       13     1846
   90       13    49      0       22     1859
   91      -18   169      0       21     1881
   92     1683   381      8       16     1910
   93       32   173     11       29     1937
   94      588   622      3       20     1969
   95      834   502      1       52     1990
   96     1150   382      2       22     2044
   97      954   350      1       17     2067
   98      691   360      1       22     2085
   99      112   122      2       19     2109
  100       72   160      0       13     2128
  101      672   582      3       15     2144
  102      588   485      0       30     2159
  103     1211   369      3       19     2192
  104      611   346      2       11     2213
  105      521   363      0       15     2224
  106      155   188      1       18     2240
  107      221    98      0       15     2258
  108      732   513      2       10     2275
  109     1214   469      3       18     2288
  110     1323   422      0       26     2306
  111      410   324      3        8     2335
  112     1145   348      2       19     2345
  113      323   173      3        9     2367
  114      221   219      0       21     2376
  115     1275   354      4       16     2401
  116      267   322      8       24     2425
  117      226   197      0       14     2449
  118      294   106      0       19     2463
  119      631   542      6       15     2488
  120      721   476      0       24     2503
  121     1207   445      2       23     2529
  122     1167   388      0       11     2552
  123     1056   354      0       12     2563
  124      841   357      1       12     2576
  125      687   329      1        8     2589
  126      295   171      2       25     2599
  127     1078   386      3       18     2627
  128      937   498      0       19     2645
  129      783   508      0       27     2664
  130      344   215      2       14     2693
  131      373   106      0       19     2707
  132     1229   391     14       17     2740
  133      841   604      7       20     2764
  134     1006   533      1       25     2785
  135      585   390      1       22     2811
  136      512   479      0       23     2833
  137      599   381      0        6     2856
  138     1629   350      4       16     2866
  139      424   421      7       40     2889
  140      371   176      0       95     2929
  141       56   150      1       33     3025
  142      201   114      1        9     3059
  143     1627   483      9       19     3077
  144     1562   432      8        8     3104
  145      854   460      2       15     3114
  146      953   452      0       37     3129
  147      762   440      1       35     3167
  148      943   463      1       43     3203
  149       28   107      3       27     3249
  150     1202   376      8       33     3284
  151      594   488      2       10     3319
  152      437   494      0       11     3329
  153      551   488      0        9     3340
  154      595   487      6       21     3355
  155      267   475      1       41     3377
  156      656   370      2       42     3420
  157      607   514      0       41     3462
  158      704   394      0       11     3503
  159     1081   394      2       15     3516
  160      676   374      1       11     3532
  161      474   359      1       18     3544
  162      305   457      6       17     3568
  163      404   130      2       12     3587
  164      285   147      0       13     3599
  165      207   165      0       11     3612
  166      154   226      0       26     3623
  167      802   611      3       14     3652
  168      871   373      1       18     3667
  169     1049   358      1       15     3686
  170     1245   366      1       16     3702
  171     1044   375      1       20     3719
  172      769   526      1       10     3740
  173      827   684      0       10     3750
  174      521   585      2       11     3762
  175      458   521      0       24     3773
  176     1289   369      3       18     3800
  177      931   679      6       10     3824
  178      850   671      0       19     3834
  179      967   614      0       23     3853
  180     1235   366      2       16     3878
  181      911   361      1       18     3895
  182      713   354      1       12     3914
  183      263   224      2       20     3928
  184      375   161      0       13     3948
  185      659   569      3        8     3964
  186      423   497      1       19     3973
  187      318   488      0        8     3992
  188      614   404      1       12     4001
  189      878   386      0       13     4013
  190      610   535      6       11     4032
  191      498   601      0       14     4043
  192      426   475      0       13     4057
  193      379   325      4       11     4074
  194      398   130      1       21     4086
  195      385   228      0       37     4107
  196      468    63      1       21     4145
  197      666   416      1       14     4167
  198      698   372      0       20     4181
  199      502   366      1       39     4202
  200      808   348      1       15     4242
  201      485   230      2       13     4259
  202      745   674      2       15     4274
  203      596   362      1       11     4290
  204      668   368      0       10     4301
  205      552   362      0       24     4311
  206      859   362      1       18     4336
  207      542   229      2       16     4356
  208      648   568      2       12     4374
  209      554   540      0       10     4386
  210      451   516      0       10     4396
  211      257   519      1        8     4407
  212      143   482      7       18     4422
  213      649   513      2        9     4442
  214      735   505      0       30     4451
  215      136   476      2       20     4483
  216     1043   355      3       19     4506
  217      987   606      6       26     4531
  218      549   246      2       17     4559
  219      137   235      1       10     4577
  220     1429   419      5       12     4592
  221     1553   481      0        9     4604
  222      874   471      2       19     4615
  223      920   664      0       23     4634
  224      589   248      2        6     4659
  225      837   495      1        9     4666
  226      937   488      0       35     4675
  227     1011   500      0       14     4710
  228      940   544      0       10     4724
  229      948   537      6       44     4740
  230      924   690      0       11     4784
  231      716  1021      1       18     4796
  232      279   184      3        8     4817
  233       67   151      1       10     4826
  234      -35   108      0        9     4836
  235      116    93      6        7     4851
  236     1483   433      8       10     4866
  237     1638   384      0        9     4876
  238     1501   372      0       19     4885
  239     1381   441      0       13     4904
  240      589   292      3       11     4920
  241      503   348      0       10     4931
  242      387   351      0       14     4941
  243      261   444      0       40     4955
  244       78   228      1       16     4996
  245      141   136      0        9     5012
  246      709   546      4       19     5025
  247     1261   343      3       28     5047
  248     1000   356      1        8     5076
  249      836   354      0       11     5084
  250      693   340      0       14     5095
  251      752   314      4        8     5113
  252     1660   348     10       13     5131
  253      564   352      7       39     5151
  254     1195   361      2       32     5192
  255      799   589      1       13     5225
  256      662   615      0       23     5238
  257     1149   337      2       24     5263
  258      408   473      6       20     5293
  259      372   370      0       10     5313
  260      275   305      7       10     5330
  261      158   252      0       26     5340
  262       95   274      0       13     5366
  263      213   370      0       10     5379
  264      251   159      1       12     5390
  265      711   296      2        7     5404
  266      794   331      0       10     5411
  267      862   353      0       11     5421
  268     1155   355      1       21     5433
  269     1014   357      6       22     5460
  270      556   336      1       18     5483
  271      219   242      1       29     5502
  272      632   604      3       15     5534
  273      360   416      1       58     5550
  274      279   207      1       17     5609
  275      402   169      0       22     5626
  276     -855  1350      4        8     5652
  277    -1381  1562      3        9     5663
  278      406   198     53        9     5725
  279      524   232      0        6     5734
  280      314   285      6       21     5746
  281      799   576      3       18     5770
  282      699   522      0        9     5788
  283      407   214      2        9     5799
  284     1593   365      4       15     5812
  285      890   648      2       19     5829
  286      721   522      1       11     5849
  287      582   505      1        9     5861
  288      455   500      0       12     5870
  289      416   210      1       37     5883
  290      445   489      1       22     5921
  291      268   469      1       14     5944
  292      576   362      2       15     5960
  293      425   361      0       14     5975
  294      422   209      1       37     5990
  295      486   154      0       15     6027
  296      632   704      2       20     6044
  297      695   601      0        9     6064
  298     1279   376      3       20     6076
  299      704   522      2       14     6098
  300      608   510      0       16     6112
  301      563   501      6       16     6134
  302      694   642      0       11     6150
  303      784   632      0       21     6161
  304     1125   393      1       21     6183
  305      800   382      1       10     6205
  306     1028   370      0       10     6215
  307      854   362      0       16     6225
  308      693   362      0       11     6241
  309      557   372      0       19     6252
  310      513   207      0       27     6271
  311      914   464      2       12     6300
  312      542   211      1       27     6313
  313     1579   396      4        9     6344
  314      736   350      7       35     6360
  315      541   215      1       35     6396
  316       68   226      1       13     6432
  317      150   243      0        7     6445
  318      278   224      0       15     6452
  319     1543   565      9       17     6476
  320     1570   512      0        8     6493
  321      862   512      8       14     6509
  322      928   602      0       14     6523
  323      955   497      0       24     6537
  324      964   405      0       22     6561
  325      299   159      3        8     6586
  326       45   101      0       17     6594
  327      154   154      0       13     6611
  328      230   135      0       13     6624
  329      445   197      1       11     6638
  330      571   172      0       21     6649
  331     1200   433      3       15     6673
  332     1143   367      0        8     6688
  333      596   513      4       14     6700
  334      502   501      0       23     6714
  335       69   207      2       10     6739
  336       39    94      0       15     6749
  337      380   376      2       36     6766
  338      249   344      0       16     6802
  339     1147   400      4       19     6822
  340      968   722     25       21     6866
  341      589   528      2       23     6889
  342      473   502      0       20     6912
  343     1279   415      3       24     6935
  344     1004   644      6       45     6965
  345     1345   384      3       16     7013
  346      886   372      2       11     7031
  347      691   380      0       16     7042
  348      160   270      2       16     7060
  349      245   172      0       10     7076
  350      779   673      3       13     7089
  351      406   481      2       21     7104
  352      726   407      1       10     7126
  353      904   402      1       21     7137
  354      747   570      1       13     7159
  355      602   619      0       10     7172
  356      482   600      0       17     7182
  357      418   413      1       26     7200
  358      260   239      0       48     7226
  359      288   181      0       15     7274
  360      467   393      2        8     7291
  361      331   415      0       31     7299
  362      416   187      1       19     7331
  363      741   623     14       10     7364
  364      768   378      1        8     7375
  365      658   425      0        6     7383
  366      619   489      0       10     7389
  367      582   402      0        6     7399
  368      887   367      1       12     7406
  369      998   467      0       14     7418
  370      970   627      5       20     7437
  371      887   540      0       14     7457
  372      742   447      1       15     7472
  373      804   425      5       41     7492
  374      406   373      2       15     7535
  375      405   250      0       13     7550
  376      458   105      0       14     7563
  377      491   498      1       15     7578
  378      544   374      0       21     7593
  379      847   359      1        9     7615
  380     1135   400      1       18     7625
  381      412   473      2       10     7645
  382      268   477      1       28     7656
  383     1241   508      4       20     7688
  384      508   210      8       19     7716
  385      526    94      0       15     7735
  386     1217   423      3       18     7753
  387      666   484      9        7     7780
  388      582   492      0        9     7787
  389      557   284      9       16     7805
  390      573   132      0       14     7821
  391      451   495     12       20     7847
  392      159   461      1       19     7868
  393      983   364      3       14     7890
  394     1061   374      0       12     7904
  395     1159   416      0       26     7916
  396      941   363      1       10     7943
  397      619   235      2       28     7955
  398      646   113      0       12     7983
  399      675   341      1       10     7996
  400      612   426      0        9     8006
  401      369   355     11       10     8026
  402      549   209      2        7     8038
  403      654   236      0       17     8045
  404     1620   495      4       33     8066
  405      902   530      3       26     8102
  406      487   325      5       18     8133
  407      922   640     14       12     8165
  408      937   489      0       26     8177
  409      970   422      0       18     8203
  410      452   269      3       16     8224
  411      185   282      1        8     8241
  412      130   208      0        6     8249
  413      295   228      1       17     8256
  414       56   -64      5        8     8278
  415      522   122     12       11     8298
  416      629    86      6       10     8315
  417     1621   428      5       12     8330
  418      914   891     15        6     8357
  419      771  1079      4       11     8367
  420     1814    78      7       29     8385
  421     1724   119      6        9     8420
  422      807   636      3        8     8432
  423      871   514      0       30     8440
  424      978   532      0       16     8470
