fixindx    X     Y     SacDur  FixDur  FixStart
    0     1006   403      0       53        0
    1      937   460      0       49       53
    2      219    42      6       16      108
    3      108  -124      2       13      126
    4     1663   323     11       98      150
    5     1031   592      5       20      253
    6      535   520      3       17      276
    7      394   486      0       19      293
    8      312   465      0      103      312
    9       68   201      4       14      419
   10      875   558      7       10      440
   11     1077   405      1       23      451
   12     1286   317      1       32      475
   13     1352   336      0       99      507
   14      893   777      4      170      610
   15     1129   613      2       32      782
   16     1138   625     12       93      826
   17     1038   340      2       94      921
   18      506   527      4       21     1019
   19      526   623      0      106     1040
   20      941   444      3      106     1149
   21      892   771      2      112     1257
   22     1120   422      4       10     1373
   23     1326   337      1       22     1384
   24     1471   365      0      107     1406
   25     1705   364      1      105     1514
   26     1517   353      1       93     1620
   27     1393   339      0        8     1713
   28     1357   312     11      106     1732
   29     1402   453      0       65     1838
   30     1380   335      0       36     1903
   31     1416   461      0       95     1939
   32     1389   379      0       10     2034
   33     1406   486     15       97     2059
   34     1178   332      1       13     2157
   35     1017   322      0       22     2170
   36      918   350      0        9     2192
   37     1038   340      0       94     2201
   38      719   357      2      100     2297
   39     1330   322      4       43     2401
   40     1221   321      0      102     2444
   41     1350   328      0       85     2546
   42      999   615      3      119     2634
   43      247   192      5       34     2758
   44      222     0      2       22     2794
   45      254    86      0        8     2816
   46      239   186      1       13     2825
   47      158   145      4       31     2842
   48      130    55      0       12     2873
   49       67    68      0       21     2885
   50       86   190      0       52     2906
   51      315   138      3       15     2961
   52      301    81      0        6     2976
   53      767   471     11       59     2993
   54      842   761      2      107     3054
   55      751   368      3       67     3164
   56      843   345      0       10     3231
   57      713   371      0       78     3241
   58      723   350      2       37     3321
   59      734   353     12       98     3370
   60      913   447      3       80     3471
   61      873   387      0       10     3551
   62      218   489      6       18     3567
   63      147   498      0      113     3585
   64      537   368      2       34     3700
   65      735   352      1       74     3735
   66      333   229      3       32     3812
   67      379   125      0       23     3844
   68      815   725      8       90     3875
   69      712   524      2       14     3967
   70      817   603      0       90     3981
   71      684   370      1       17     4072
   72      562   385      0        8     4089
   73      570   404      2       71     4099
   74      421   400      0       45     4170
   75      416   376      2       18     4217
   76      410   363      2       26     4237
   77      117   482      2       86     4265
   78       65   433      0        8     4351
   79      750   347      6       76     4365
   80      754   385      0       56     4441
   81      849   422      0       30     4497
   82      759   370      0       23     4527
   83      460   227      2       19     4552
   84      419   184      2        6     4573
   85      831   449      8        8     4587
   86      855   457      2        6     4597
   87      940   480      0      106     4603
   88     1000   408     11       21     4720
   89     1199   341      0      119     4741
   90     1090   487      0       14     4860
   91      987   607      0       93     4874
   92      957   549     11       15     4978
   93      778   482      0      112     4993
   94      860   770      4      107     5109
   95      522   237      5       22     5221
   96      517   164      0       42     5243
   97      850   367      5        9     5290
   98     1208   332      2      108     5301
   99      342   511      6       66     5415
  100      321   534      2       24     5483
  101      388   565      8        6     5515
  102      312   532      0       50     5521
  103      302   479     10      107     5581
  104      900   806      9       19     5697
  105      896   754      0       96     5716
  106      759   443      3       19     5815
  107      624   478      0       17     5834
  108      496   501      0       70     5851
  109      500   509      8       13     5929
  110     1126   348      5       23     5947
  111     1204   329      0       87     5970
  112      807   485      3       39     6060
  113      629   490      0       84     6099
  114      629   473     11       90     6194
  115     1182   342      4       93     6288
  116      617   222      4       38     6385
  117      615   121      0       31     6423
  118      822   579      4       57     6458
  119      589   613      0       23     6515
  120      489   613      0       84     6538
  121      956   339      4       25     6626
  122     1040   376      0       99     6651
  123     1327   455      2       20     6752
  124     1402   474     14       89     6786
  125      924   399      3       19     6878
  126      814   386      0       18     6897
  127      729   402      0       26     6915
  128      628   244      2       31     6943
  129      724   375      0      106     6974
  130      319   213      3       20     7083
  131      213   250      0       30     7103
  132      142   240      0       13     7133
  133      331   187      0       23     7146
  134     1564   468     11       23     7180
  135     1612   513      0       97     7203
  136     1163   488      3       16     7303
  137      962   438      1       18     7320
  138      956   632      0       21     7338
  139      957   678      0       56     7359
  140      458   238      7       24     7422
  141       90    85      2       33     7448
  142      885   586      7       16     7488
  143      953   642      0       52     7504
  144       48   125      6        8     7562
  145      105   233      0       36     7570
  146      115   237      0       37     7606
  147      642   366      6       21     7649
  148      789   335      0       16     7670
  149      828   575      2       45     7688
  150      678   620      0       38     7733
  151       76   265      5       17     7776
  152      664   637      5      101     7798
  153      421   353      3      104     7902
  154       82   237      2       73     8008
  155     1591   335     11       22     8092
  156     1698   344      0       41     8114
  157     1724   349     11      107     8166
  158     1709   325     13       90     8286
  159      214   122     12       12     8388
  160       42    95      0       12     8400
  161       -7    17      0        9     8412
  162      308   342      3       30     8424
  163      396   354      0      127     8454
  164      634   585      2       27     8583
  165      704   587      0       39     8610
  166      655   617      0       99     8649
  167      419   384      2       59     8750
  168      393   336      0      100     8809
  169      573   385      0      144     8909
  170      120   269      3       25     9056
  171       93    36      1       14     9082
  172      126   148      0        6     9096
  173      874   825     18       24     9120
  174      865   763      0      156     9144
  175      755   371      4      105     9304
  176     1268   390      5       31     9414
  177     1331   357      0       86     9445
  178     1126   448      2       31     9533
  179     1051   403      0       19     9564
  180      249   213      6       12     9589
  181      221   274      0       20     9601
  182      198   122      0       27     9621
  183     1331   362     16       95     9664
  184     1015   711      5       20     9764
  185      910   805      0       43     9784
  186      866   759      0      147     9827
  187      720   360      3       39     9977
  188      588   369      0      107    10016
  189     1020   353      3       21    10126
  190     1179   362      0       95    10147
  191      777   627      3       22    10245
  192      674   645      0       16    10267
  193      514   623      0      154    10283
  194      950   463     11      110    10448
  195      887   859      7       15    10565
  196      866   772      0      105    10580
  197      281   235      5       30    10690
  198      264    89      0       33    10720
  199      126   481      6      117    10759
  200      982   632      9      135    10885
  201      486   512     10      117    11030
  202      298   211      3       26    11150
  203      885   770      9      124    11185
  204      855   689      0       20    11309
  205      975   640      0       98    11329
  206      823   617      0       14    11427
  207      422   347      5      115    11446
  208      664   593      3      133    11564
  209      650   622     15       93    11712
  210      536   379      1       19    11806
  211      442   372      0       14    11825
  212      346   264      0       37    11839
  213      413   344      0       56    11876
  214      412   347      7      104    11939
  215      574   377      0      109    12043
  216      824   764      7       58    12159
  217      894   758      0       80    12217
  218      878   771     20       21    12317
  219      786   368      3       31    12341
  220      336   316      3       24    12375
  221      421   273      0       89    12399
  222     1418   331     10       12    12498
  223     1609   358      0       19    12510
  224     1727   331      0      140    12529
  225      771   361     11       32    12680
  226      857   356      0       11    12712
  227      762   322      0      110    12723
  228     1245   339      4       19    12837
  229     1356   338      0       93    12856
  230     1358   323     13      105    12962
  231      945   379      3       21    13070
  232      884   788      3      105    13094
  233      858   707     15       29    13214
  234      452   211      4       50    13247
  235      746   333      2      103    13299
  236      481   219      2       41    13404
  237      938   461      4       98    13449
  238     1112   349     13       24    13560
  239     1185   362      0       98    13584
  240      987   630      3      110    13685
  241      494   250      4       41    13799
  242      482   176      0       17    13840
  243      169   216      2       22    13859
  244      154   154      0        6    13881
  245      235   248      0       28    13887
  246     1630   478     17       69    13932
  247     1702   393      0       23    14001
  248     1627   510      0      121    14024
  249     1022   550      5       22    14150
  250      966   499      0       19    14172
  251      965   673      2      100    14193
  252      202   234      7       18    14300
  253      119    16      1       32    14319
  254      522   447      6       20    14357
  255      411   147      2       21    14379
  256      549   163      0       27    14400
  257      322   131      0       22    14427
  258       89   -23      5       30    14454
  259      302   507      6      111    14490
  260      176   144      3       40    14604
  261       76   272      0       13    14644
  262      986   351      8       16    14665
  263     1208   359      0       34    14681
  264     1320   353      0       86    14715
  265     1011   627      3      103    14804
  266      972   613     11       28    14918
  267      174   172      9       10    14955
  268      159   208      0       10    14965
  269      128   295      0       16    14975
  270       95   242      2       10    14993
  271      860   737      9      101    15012
  272     1582   422      6       22    15119
  273     1704   339      0       87    15141
  274     1746   318     15       95    15243
  275      178    34     12       14    15350
  276       84    76      4       12    15368
  277      889   782     17       98    15397
  278     1138   635      2       93    15497
  279     1041   399      2       13    15592
  280     1032   348      9       91    15614
  281      675   623      2       32    15707
  282      520   626      0      159    15739
  283      936   468      2      107    15900
  284      907   779      2       96    16009
  285      186   274      7       22    16112
  286      200   202      2       21    16136
  287     1125   392     10        7    16167
  288     1336   368      1       27    16175
  289     1465   365      0       90    16202
  290     1351   371      0       45    16292
  291     1345   360      2       92    16339
  292     1390   485     11      129    16442
  293     1390   502     13       89    16584
  294     1028   371      3       19    16676
  295      904   359      0       18    16695
  296     1045   344      0       98    16713
  297      756   317      1      100    16812
  298     1212   354      4       97    16916
  299     1351   360      0       87    17013
  300     1073   621      2       20    17102
  301      968   624      0       88    17122
  302      201   222      8       43    17218
  303      286   191      0       27    17261
  304      856   728     14       95    17302
  305      740   388      3       95    17400
  306      930   468     13       98    17508
  307      141   461      5      126    17611
  308      466   317      2       18    17739
  309      592   325      0       18    17757
  310      732   336      2      134    17777
  311      912   756     13       91    17924
  312     1271   369      4       20    18019
  313     1402   350      0       20    18039
  314     1483   351      0       61    18059
  315     1359   372      0       41    18120
  316     1497   350      0       24    18161
  317     1407   357      0       30    18185
  318     1499   358      0       90    18215
  319     1351   358      0      108    18305
  320     1409   506      0       97    18413
  321     1159   387      3       17    18513
  322     1422   512      1       94    18531
  323     1065   368      2       96    18627
  324      768   334      2       26    18725
  325      430   249      2       35    18753
  326      713   334      2       67    18790
  327     1532   347      6       16    18863
  328     1712   333     10       72    18889
  329     1725   337     11       62    18972
  330     1718   315     11       72    19045
  331     1723   341     13       57    19130
  332      428    44     15       13    19202
  333      415    50      4        9    19219
  334      372   -66      0       19    19228
  335      388  -100      2       11    19249
  336     1733   334     19      125    19279
  337      428    89     12       21    19416
  338     1782   326     29       35    19466
  339     1713   349      0       80    19501
  340     1717   317     14       93    19595
  341      392    -2     11       34    19699
  342     1718   330     17       94    19750
  343      939   579      6       26    19850
  344      830   622      0       88    19876
  345      580   362      2       63    19966
  346      447   375      0       49    20029
  347      536   347      0       32    20078
  348      448   361      0       25    20110
  349      542   335      0       98    20135
  350      413   343      0       61    20233
  351      381   195      0       45    20294
  352      397   348      0      104    20339
  353      152   500     18       94    20461
  354      732   359      4       84    20559
  355      722   335     19       97    20662
  356      947   448     13      103    20772
  357      444   266      3       48    20878
  358      442    77      1       20    20927
  359     1232   356      8      135    20955
  360      958   560      3       94    21093
  361      930   492      0       15    21187
  362     1701   363      7      111    21209
  363      980   578     15      101    21335
  364      793   485      1       94    21437
  365      490   235      3       36    21534
  366      802   789      8       64    21578
  367      881   771      0      131    21642
  368     1070   362      9       27    21782
  369     1195   357      0      105    21809
  370      504   539      6       29    21920
  371      488   578      0        6    21949
  372      314   495      6       94    21961
  373      956   739     12       59    22067
  374      885   774      0      104    22126
  375      489   487      4       98    22234
  376     1212   348      7       87    22339
  377      754   503      3       21    22429
  378      622   499      0      106    22450
  379      623   473     12       92    22568
  380     1196   339      5       93    22665
  381      843   598      2       19    22760
  382      694   628      0       20    22779
  383      575   644      0       18    22799
  384      508   654      0       95    22817
  385      921   362      4       21    22916
  386     1037   356      0      164    22937
  387     1335   462      3       25    23104
  388     1401   489      9      127    23138
  389      758   364      5       60    23270
  390      637   276      1       44    23331
  391      741   342      0      100    23375
  392      662   277      0       34    23475
  393      205   289      4       34    23513
  394      460   229      2       13    23549
  395     1680   454     21        6    23583
  396     1578   389      2       18    23591
